True
[128640, 128642, 128515, 128516, 128517, 128519, 128648, 128649, 10, 128523, 128654, 128655, 128528, 128529, 128657, 128659, 128532, 128535, 128666, 128539, 128668, 128669, 128541, 128671, 128672, 128673, 128544, 128540, 128676, 128677, 128678, 128551, 128679, 128553, 128682, 128554, 128684, 128557, 128685, 128559, 128687, 128689, 128686, 128692, 128693, 128694, 128695, 128569, 128570, 128700, 128574, 128577, 128587, 128589] 54
here:  True
53 53
i  :  🚀
B  :  🚂
C  :  😃
D  :  😄
P  :  😅
F  :  😇
G  :  🚈
H  :  🚉
I  :  😋
J  :  🚎
K  :  🚏
L  :  😐
M  :  😑
N  :  🚑
O  :  🚓
E  :  😔 
Q  :  😗
R  :  🚚
S  :  😛
T  :  🚜
U  :  🚝
V  :  😝
W  :  🚟
X  :  🚠
Y  :  🚡
Z  :  😠
a  :  😜
b  :  🚤
c  :  🚥
d  :  🚦
e  :  😧
f  :  🚧
g  :  😩
h  :  🚪
i  :  😪
j  :  🚬
k  :  😭
l  :  🚭
m  :  😯
n  :  🚯
o  :  🚱
e  :  🚮
q  :  🚴
r  :  🚵
s  :  🚶
t  :  🚷
u  :  😹
v  :  😺
w  :  🚼
x  :  😾
y  :  🙁
z  :  🙋
?  :  🙍
[128559, 128515, 128649, 128532, 128577, 128676, 128642, 128570, 128532, 128677, 128676, 128553, 128693, 128693, 128684, 128649, 128669, 128684, 128551, 128532, 128553, 128532, 128570, 128642, 128557, 128700, 128693, 128684, 128532, 128570, 128682, 128648, 128570, 128577, 128642, 128577, 128682, 128577, 128642, 128694, 128649, 128532, 128677, 128642, 128700, 128676, 128684, 128541, 128532, 128569, 128553, 128570, 128532, 128682, 128570, 128684, 128679, 128551, 128532, 128648, 128682, 128577, 128532, 128569, 128642, 128577, 128676, 128532, 128553, 128532, 128570, 128557, 10, 128553, 128693, 128693, 128532, 128577, 128569, 128642, 128570, 128577, 128517, 128532, 128673, 128676, 128684, 128532, 128541, 128684, 128700, 128693, 128553, 128677, 128684, 128557, 128684, 128649, 128577, 128532, 128677, 128676, 128553, 128541, 128553, 128677, 128577, 128684, 128541, 128570, 128532, 128553, 128541, 128684, 128532, 128672, 128557, 128694, 128668, 128642, 128528, 128570, 128692, 128532, 128655, 128676, 128694, 128532, 128679, 128694, 128684, 128570, 128649, 128528, 128577, 128532, 128693, 128694, 128529, 128684, 128532, 128577, 128676, 128684, 128557, 10, 128587, 128587, 128587, 128559, 128559, 128673, 128694, 128532, 128700, 128541, 128694, 128529, 128684, 128532, 128577, 128676, 128553, 128577, 128532, 128678, 128694, 128682, 128532, 128553, 128541, 128684, 128532, 128669, 128694, 128694, 128679, 128532, 128684, 128649, 128694, 128682, 128669, 128676, 128551, 128532, 128682, 128570, 128684, 128532, 128577, 128676, 128684, 128532, 128654, 128694, 128693, 128693, 128694, 128569, 128642, 128649, 128669, 128532, 128569, 128694, 128541, 128679, 128517, 128559, 128559, 128640, 128589, 128535, 128684, 128557, 128694, 128668, 10, 128574, 128570, 128517, 128648, 128684, 128685, 128570, 128577, 128671, 128671, 128700, 128642, 128679, 128523, 128559, 128559, 128673, 128676, 128684, 128532, 128640, 128553, 128677, 128659, 128642, 128649, 128669, 128687, 128589, 128553, 128648, 128532, 128673, 128684, 128553, 128557, 128587, 128559, 128559, 128515, 128654, 128532, 128678, 128694, 128682, 128532, 128569, 128553, 128649, 128577, 128532, 128577, 128694, 128532, 128669, 128684, 128649, 128684, 128541, 128553, 128577, 128684, 128532, 128678, 128694, 128682, 128541, 128532, 128694, 128569, 128649, 128532, 10, 128557, 128684, 128570, 128570, 128553, 128669, 128684, 128570, 128551, 128532, 128654, 128684, 128684, 128693, 128532, 128654, 128541, 128684, 128684, 128532, 128577, 128694, 128532, 128682, 128570, 128684, 128532, 128557, 128678, 128532, 128516, 128678, 128577, 128676, 128694, 128649, 128532, 128689, 128532, 128677, 128694, 128679, 128684, 128517, 128559, 128559, 128642, 128557, 128700, 128694, 128541, 128577, 128532, 128541, 128553, 128649, 128679, 128694, 128557, 128559, 128559, 128684, 128557, 128694, 128668, 128642, 128570, 128532, 128685, 128532, 128657, 128677, 10, 128676, 128541, 128686, 128539, 128519, 128532, 128654, 128694, 128541, 128532, 128539, 128532, 128642, 128649, 128532, 128541, 128553, 128649, 128669, 128684, 128686, 128671, 128539, 128574, 128654, 128554, 128671, 128671, 128551, 128532, 128671, 128539, 128574, 128654, 128554, 128544, 128654, 128519, 128695, 128559, 128654, 128694, 128541, 128532, 128539, 128532, 128642, 128649, 128532, 128541, 128553, 128649, 128669, 128684, 128686, 128671, 128539, 128574, 128654, 128554, 128666, 128671, 128551, 128532, 128671, 128539, 128574, 128654, 128554, 128648, 128654, 128519, 10, 128517, 128559, 128532, 128532, 128532, 128532, 128684, 128557, 128694, 128668, 128642, 128570, 128587, 128553, 128700, 128700, 128684, 128649, 128679, 128686, 128677, 128676, 128541, 128686, 128539, 128519, 128519, 128559, 128541, 128553, 128649, 128679, 128694, 128557, 128587, 128570, 128676, 128682, 128654, 128654, 128693, 128684, 128686, 128684, 128557, 128694, 128668, 128642, 128570, 128519, 128559, 128559, 128570, 128682, 128648, 128570, 128577, 128532, 128685, 128532, 128535, 128523, 128559, 128559, 128654, 128694, 128541, 128532, 128677, 128676, 128532, 128642, 10, 128649, 128532, 128577, 128684, 128539, 128577, 128517, 128559, 128532, 128532, 128532, 128532, 128642, 128654, 128532, 128649, 128694, 128577, 128532, 128677, 128676, 128532, 128642, 128649, 128532, 128570, 128682, 128648, 128570, 128577, 128517, 128559, 128532, 128532, 128532, 128532, 128532, 128532, 128532, 128532, 128570, 128682, 128648, 128570, 128577, 128657, 128677, 128676, 128695, 128532, 128685, 128532, 128684, 128557, 128694, 128668, 128642, 128570, 128587, 128700, 128694, 128700, 128686, 128519, 128559, 128532, 128532, 128532, 128532, 128700, 128541, 128642, 10, 128649, 128577, 128686, 128570, 128682, 128648, 128570, 128577, 128657, 128677, 128676, 128695, 128551, 128532, 128684, 128649, 128679, 128685, 128540, 128540, 128519, 128559]
mCHPybBvPcbgrrjHUjePgPvBkwrjPvhGvyByhyBsHPcBwbjVPugvPhvjfePGhyPuBybPgPvk.grrPyuBvyEPYbjPVjwrgcjkjHyPcbgVgcyjVvPgVjPXksTBLvqPKbsPfsjvHLyPrsMjPybjk.zzzmmYsPwVsMjPybgyPdshPgVjPUssfPjHshUbePhvjPybjPJsrrsuBHUPusVfEmmA?QjksT.xvEGjlvyWWwBfImmYbjPAgcOBHUn?gGPYjgkzmmCJPdshPugHyPysPUjHjVgyjPdshVPsuHP.kjvvgUjvePJjjrPJVjjPysPhvjPkdPDdybsHPoPcsfjEmmBkwsVyPVgHfskmmjksTBvPlPNc.bVpSFPJsVPSPBHPVgHUjpWSxJiWWePWSxJiZJFtmJsVPSPBHPVgHUjpWSxJiRWePWSxJiGJF.EmPPPPjksTBvzgwwjHfpcbVpSFFmVgHfskzvbhJJrjpjksTBvFmmvhGvyPlPQImmJsVPcbPB.HPyjSyEmPPPPBJPHsyPcbPBHPvhGvyEmPPPPPPPPvhGvyNcbtPlPjksTBvzwswpFmPPPPwVB.HypvhGvyNcbtePjHflaaFm

mCHPybBvPcbgrrjHUjePgPvBkwrjPvhGvyByhyBsHPcBwbjVPugvPhvjfePGhyPuBybPgPvk.grrPyuBvyEPYbjPVjwrgcjkjHyPcbgVgcyjVvPgVjPXksTBLvqPKbsPfsjvHLyPrsMjPybjk.zzzmmYsPwVsMjPybgyPdshPgVjPUssfPjHshUbePhvjPybjPJsrrsuBHUPusVfEmmA?QjksT.xvEGjlvyWWwBfImmYbjPAgcOBHUn?gGPYjgkzmmCJPdshPugHyPysPUjHjVgyjPdshVPsuHP.kjvvgUjvePJjjrPJVjjPysPhvjPkdPDdybsHPoPcsfjEmmBkwsVyPVgHfskmmjksTBvPlPNc.bVpSFPJsVPSPBHPVgHUjpWSxJiWWePWSxJiZJFtmJsVPSPBHPVgHUjpWSxJiRWePWSxJiGJF.EmPPPPjksTBvzgwwjHfpcbVpSFFmVgHfskzvbhJJrjpjksTBvFmmvhGvyPlPQImmJsVPcbPB.HPyjSyEmPPPPBJPHsyPcbPBHPvhGvyEmPPPPPPPPvhGvyNcbtPlPjksTBvzwswpFmPPPPwVB.HypvhGvyNcbtePjHflaaFm